-3.000000000000001332e+00
-3.000000000000001332e+00
-3.000000000000001332e+00
-3.000000000000001332e+00
-3.000000000000001332e+00
-1.300000000000000044e+00
-3.000000000000001332e+00
-3.000000000000001332e+00
-3.400000000000000799e+00
-3.400000000000000799e+00
-3.000000000000001332e+00
-1.199999999999999956e+00
-3.000000000000001332e+00
-3.000000000000001332e+00
-3.000000000000001332e+00
-3.000000000000001332e+00
-3.000000000000001332e+00
-3.000000000000001332e+00
-3.000000000000001332e+00
-3.000000000000001332e+00
-1.699999999999999956e+00
-3.000000000000001332e+00
-3.000000000000001332e+00
-3.000000000000001332e+00
-3.000000000000001332e+00
-3.000000000000001332e+00
-3.000000000000001332e+00
-3.000000000000001332e+00
-3.000000000000001332e+00
-1.300000000000000044e+00
-2.299999999999999822e+00
-3.000000000000001332e+00
-3.000000000000001332e+00
-3.000000000000001332e+00
-3.000000000000001332e+00
-3.000000000000001332e+00
-3.000000000000001332e+00
-3.000000000000001332e+00
-2.200000000000000178e+00
-1.899999999999999911e+00
-3.000000000000001332e+00
-3.000000000000001332e+00
-2.200000000000000178e+00
-3.000000000000001332e+00
-3.000000000000001332e+00
-3.000000000000001332e+00
-3.000000000000001332e+00
-3.000000000000001332e+00
-3.000000000000001332e+00
-3.000000000000001332e+00
-3.000000000000001332e+00
-1.199999999999999956e+00
-3.000000000000001332e+00
-3.000000000000001332e+00
-3.000000000000001332e+00
-3.000000000000001332e+00
-3.000000000000001332e+00
-3.000000000000001332e+00
-3.000000000000001332e+00
-3.000000000000001332e+00
-3.000000000000001332e+00
-3.000000000000001332e+00
-3.000000000000001332e+00
-3.000000000000001332e+00
-3.000000000000001332e+00
-3.000000000000001332e+00
-3.000000000000001332e+00
-3.000000000000001332e+00
-3.000000000000001332e+00
-3.000000000000001332e+00
-3.000000000000001332e+00
-3.000000000000001332e+00
-3.000000000000001332e+00
-3.000000000000001332e+00
-3.000000000000001332e+00
-3.000000000000001332e+00
-3.000000000000001332e+00
-3.000000000000001332e+00
-3.000000000000001332e+00
-3.000000000000001332e+00
-3.000000000000001332e+00
-3.000000000000001332e+00
-3.000000000000001332e+00
-2.400000000000000355e+00
-3.000000000000001332e+00
-3.000000000000001332e+00
-3.000000000000001332e+00
-3.000000000000001332e+00
-3.000000000000001332e+00
-3.000000000000001332e+00
-3.000000000000001332e+00
-3.000000000000001332e+00
-3.000000000000001332e+00
-3.000000000000001332e+00
-3.000000000000001332e+00
-3.000000000000001332e+00
-3.000000000000001332e+00
-3.000000000000001332e+00
-3.000000000000001332e+00
-3.000000000000001332e+00
-3.000000000000001332e+00
-3.000000000000001332e+00
-3.000000000000001332e+00
-3.000000000000001332e+00
-3.000000000000001332e+00
-3.000000000000001332e+00
-3.000000000000001332e+00
-3.000000000000001332e+00
-3.000000000000001332e+00
-3.000000000000001332e+00
-3.000000000000001332e+00
-3.000000000000001332e+00
-3.000000000000001332e+00
-3.000000000000001332e+00
-3.000000000000001332e+00
-3.000000000000001332e+00
-3.000000000000001332e+00
-3.000000000000001332e+00
-3.000000000000001332e+00
-3.000000000000001332e+00
-4.440892098500626162e-16
-4.000000000000007994e-01
-3.000000000000007105e-01
-3.000000000000001332e+00
-1.000000000000005329e-01
-7.000000000000010658e-01
-3.000000000000001332e+00
-3.000000000000001332e+00
-4.440892098500626162e-16
-2.600000000000000533e+00
-1.500000000000000000e+00
-3.000000000000001332e+00
-3.000000000000001332e+00
-3.000000000000001332e+00
-3.000000000000001332e+00
-3.000000000000001332e+00
-3.000000000000001332e+00
3.999999999999996891e-01
-3.000000000000001332e+00
-3.000000000000001332e+00
8.000000000000000444e-01
1.200000000000000178e+00
-3.000000000000001332e+00
-2.000000000000000000e+00
-1.699999999999999956e+00
5.999999999999998668e-01
-3.000000000000001332e+00
-1.500000000000000000e+00
3.999999999999996891e-01
-3.000000000000001332e+00
-8.000000000000011546e-01
-3.500000000000000888e+00
2.999999999999996003e-01
-3.000000000000001332e+00
-3.000000000000001332e+00
-3.000000000000001332e+00
-3.000000000000001332e+00
-3.000000000000001332e+00
1.000000000000000000e+00
5.999999999999998668e-01
-3.000000000000001332e+00
-9.000000000000012434e-01
9.000000000000001332e-01
-3.000000000000007105e-01
1.200000000000000178e+00
2.999999999999996003e-01
8.000000000000000444e-01
5.999999999999998668e-01
1.399999999999999911e+00
1.100000000000000089e+00
4.999999999999997780e-01
-5.000000000000008882e-01
1.200000000000000178e+00
-9.000000000000012434e-01
1.200000000000000178e+00
3.999999999999996891e-01
1.200000000000000178e+00
1.300000000000000044e+00
3.999999999999996891e-01
1.999999999999995115e-01
1.200000000000000178e+00
1.200000000000000178e+00
1.000000000000000000e+00
2.999999999999996003e-01
1.399999999999999911e+00
1.399999999999999911e+00
1.000000000000000000e+00
3.999999999999996891e-01
1.100000000000000089e+00
-1.000000000000005329e-01
2.999999999999996003e-01
1.000000000000000000e+00
9.999999999999942268e-02
1.000000000000000000e+00
1.399999999999999911e+00
8.000000000000000444e-01
1.399999999999999911e+00
1.399999999999999911e+00
1.200000000000000178e+00
6.999999999999999556e-01
-3.000000000000001332e+00
1.399999999999999911e+00
9.999999999999942268e-02
1.100000000000000089e+00
-3.000000000000001332e+00
-3.000000000000001332e+00
-3.000000000000001332e+00
1.399999999999999911e+00
1.399999999999999911e+00
-3.000000000000001332e+00
-3.000000000000001332e+00
-3.000000000000001332e+00
-3.000000000000001332e+00
-3.000000000000001332e+00
1.200000000000000178e+00
1.100000000000000089e+00
-4.440892098500626162e-16
4.999999999999997780e-01
-6.000000000000009770e-01
-3.000000000000001332e+00
9.000000000000001332e-01
5.999999999999998668e-01
-1.100000000000000089e+00
-9.000000000000012434e-01
2.999999999999996003e-01
2.999999999999996003e-01
8.000000000000000444e-01
1.399999999999999911e+00
-5.000000000000008882e-01
-3.000000000000001332e+00
9.999999999999942268e-02
-3.000000000000001332e+00
1.100000000000000089e+00
1.200000000000000178e+00
1.200000000000000178e+00
1.399999999999999911e+00
1.399999999999999911e+00
1.100000000000000089e+00
1.000000000000000000e+00
9.000000000000001332e-01
6.999999999999999556e-01
1.300000000000000044e+00
4.999999999999997780e-01
6.999999999999999556e-01
1.399999999999999911e+00
1.399999999999999911e+00
-1.000000000000005329e-01
2.999999999999996003e-01
1.399999999999999911e+00
1.300000000000000044e+00
1.300000000000000044e+00
-3.000000000000001332e+00
-3.000000000000001332e+00
1.399999999999999911e+00
1.100000000000000089e+00
1.100000000000000089e+00
1.100000000000000089e+00
1.100000000000000089e+00
1.399999999999999911e+00
1.200000000000000178e+00
1.000000000000000000e+00
1.000000000000000000e+00
1.399999999999999911e+00
1.399999999999999911e+00
1.399999999999999911e+00
9.999999999999942268e-02
1.300000000000000044e+00
9.000000000000001332e-01
1.399999999999999911e+00
1.200000000000000178e+00
8.000000000000000444e-01
1.000000000000000000e+00
1.399999999999999911e+00
1.399999999999999911e+00
9.000000000000001332e-01
-1.100000000000000089e+00
1.200000000000000178e+00
1.100000000000000089e+00
1.300000000000000044e+00
1.200000000000000178e+00
1.399999999999999911e+00
8.000000000000000444e-01
1.399999999999999911e+00
1.100000000000000089e+00
1.300000000000000044e+00
8.000000000000000444e-01
1.399999999999999911e+00
1.200000000000000178e+00
1.200000000000000178e+00
1.999999999999995115e-01
1.399999999999999911e+00
-4.440892098500626162e-16
1.399999999999999911e+00
1.399999999999999911e+00
1.399999999999999911e+00
1.399999999999999911e+00
1.200000000000000178e+00
3.999999999999996891e-01
1.200000000000000178e+00
1.399999999999999911e+00
1.399999999999999911e+00
1.000000000000000000e+00
1.300000000000000044e+00
1.200000000000000178e+00
1.399999999999999911e+00
1.399999999999999911e+00
1.300000000000000044e+00
1.200000000000000178e+00
1.300000000000000044e+00
1.399999999999999911e+00
1.399999999999999911e+00
1.399999999999999911e+00
1.200000000000000178e+00
1.399999999999999911e+00
1.399999999999999911e+00
1.399999999999999911e+00
1.300000000000000044e+00
1.200000000000000178e+00
1.399999999999999911e+00
1.399999999999999911e+00
1.399999999999999911e+00
1.200000000000000178e+00
1.399999999999999911e+00
1.399999999999999911e+00
1.399999999999999911e+00
1.399999999999999911e+00
1.399999999999999911e+00
1.399999999999999911e+00
1.300000000000000044e+00
1.399999999999999911e+00
1.399999999999999911e+00
1.399999999999999911e+00
1.399999999999999911e+00
1.100000000000000089e+00
1.399999999999999911e+00
1.399999999999999911e+00
1.399999999999999911e+00
1.399999999999999911e+00
1.399999999999999911e+00
1.000000000000000000e+00
1.200000000000000178e+00
1.300000000000000044e+00
1.399999999999999911e+00
1.399999999999999911e+00
1.399999999999999911e+00
1.399999999999999911e+00
8.000000000000000444e-01
1.300000000000000044e+00
1.399999999999999911e+00
1.200000000000000178e+00
1.399999999999999911e+00
1.399999999999999911e+00
1.399999999999999911e+00
1.300000000000000044e+00
1.399999999999999911e+00
1.399999999999999911e+00
1.399999999999999911e+00
1.200000000000000178e+00
1.399999999999999911e+00
1.399999999999999911e+00
1.399999999999999911e+00
1.300000000000000044e+00
1.399999999999999911e+00
1.399999999999999911e+00
1.399999999999999911e+00
1.300000000000000044e+00
1.300000000000000044e+00
1.399999999999999911e+00
1.399999999999999911e+00
1.200000000000000178e+00
8.000000000000000444e-01
1.300000000000000044e+00
1.399999999999999911e+00
1.399999999999999911e+00
1.399999999999999911e+00
1.399999999999999911e+00
1.399999999999999911e+00
1.100000000000000089e+00
1.300000000000000044e+00
1.399999999999999911e+00
1.399999999999999911e+00
1.399999999999999911e+00
1.399999999999999911e+00
1.399999999999999911e+00
1.399999999999999911e+00
1.399999999999999911e+00
1.399999999999999911e+00
1.399999999999999911e+00
1.399999999999999911e+00
1.399999999999999911e+00
1.300000000000000044e+00
1.300000000000000044e+00
1.399999999999999911e+00
1.000000000000000000e+00
1.200000000000000178e+00
1.100000000000000089e+00
1.000000000000000000e+00
1.200000000000000178e+00
1.200000000000000178e+00
1.399999999999999911e+00
8.000000000000000444e-01
9.000000000000001332e-01
-7.000000000000010658e-01
1.399999999999999911e+00
1.300000000000000044e+00
1.399999999999999911e+00
1.000000000000000000e+00
5.999999999999998668e-01
1.399999999999999911e+00
1.399999999999999911e+00
1.399999999999999911e+00
1.399999999999999911e+00
1.399999999999999911e+00
1.399999999999999911e+00
9.000000000000001332e-01
1.200000000000000178e+00
1.399999999999999911e+00
1.399999999999999911e+00
1.399999999999999911e+00
1.000000000000000000e+00
1.399999999999999911e+00
1.200000000000000178e+00
1.399999999999999911e+00
1.399999999999999911e+00
1.399999999999999911e+00
1.399999999999999911e+00
1.399999999999999911e+00
1.000000000000000000e+00
1.399999999999999911e+00
1.200000000000000178e+00
1.399999999999999911e+00
1.399999999999999911e+00
1.399999999999999911e+00
1.200000000000000178e+00
1.200000000000000178e+00
1.399999999999999911e+00
1.399999999999999911e+00
1.300000000000000044e+00
1.200000000000000178e+00
1.399999999999999911e+00
1.399999999999999911e+00
1.200000000000000178e+00
1.200000000000000178e+00
1.300000000000000044e+00
1.200000000000000178e+00
1.399999999999999911e+00
1.300000000000000044e+00
1.399999999999999911e+00
1.200000000000000178e+00
1.399999999999999911e+00
1.399999999999999911e+00
1.399999999999999911e+00
-7.000000000000010658e-01
1.200000000000000178e+00
1.399999999999999911e+00
1.200000000000000178e+00
1.399999999999999911e+00
1.200000000000000178e+00
1.399999999999999911e+00
1.399999999999999911e+00
1.399999999999999911e+00
9.000000000000001332e-01
1.200000000000000178e+00
1.300000000000000044e+00
1.200000000000000178e+00
1.000000000000000000e+00
1.399999999999999911e+00
1.399999999999999911e+00
1.399999999999999911e+00
1.200000000000000178e+00
1.399999999999999911e+00
1.100000000000000089e+00
1.100000000000000089e+00
1.200000000000000178e+00
1.300000000000000044e+00
1.399999999999999911e+00
1.000000000000000000e+00
1.399999999999999911e+00
1.399999999999999911e+00
1.399999999999999911e+00
1.300000000000000044e+00
1.100000000000000089e+00
1.000000000000000000e+00
1.399999999999999911e+00
1.200000000000000178e+00
1.399999999999999911e+00
1.399999999999999911e+00
1.399999999999999911e+00
1.399999999999999911e+00
1.399999999999999911e+00
1.200000000000000178e+00
9.000000000000001332e-01
1.200000000000000178e+00
1.399999999999999911e+00
1.399999999999999911e+00
1.300000000000000044e+00
1.399999999999999911e+00
1.399999999999999911e+00
1.300000000000000044e+00
1.399999999999999911e+00
1.200000000000000178e+00
1.399999999999999911e+00
1.399999999999999911e+00
1.100000000000000089e+00
1.399999999999999911e+00
1.399999999999999911e+00
1.399999999999999911e+00
1.200000000000000178e+00
1.399999999999999911e+00
1.200000000000000178e+00
1.399999999999999911e+00
1.399999999999999911e+00
1.300000000000000044e+00
1.399999999999999911e+00
1.399999999999999911e+00
1.300000000000000044e+00
1.200000000000000178e+00
1.399999999999999911e+00
1.399999999999999911e+00
1.399999999999999911e+00
1.399999999999999911e+00
1.399999999999999911e+00
1.399999999999999911e+00
1.399999999999999911e+00
1.399999999999999911e+00
1.200000000000000178e+00
1.399999999999999911e+00
1.399999999999999911e+00
1.399999999999999911e+00
1.399999999999999911e+00
1.200000000000000178e+00
1.399999999999999911e+00
1.300000000000000044e+00
1.200000000000000178e+00
1.399999999999999911e+00
1.399999999999999911e+00
1.399999999999999911e+00
1.399999999999999911e+00
1.399999999999999911e+00
1.399999999999999911e+00
1.399999999999999911e+00
1.399999999999999911e+00
1.300000000000000044e+00
1.200000000000000178e+00
1.399999999999999911e+00
1.300000000000000044e+00
1.399999999999999911e+00
1.399999999999999911e+00
1.200000000000000178e+00
1.399999999999999911e+00
1.399999999999999911e+00
1.200000000000000178e+00
1.399999999999999911e+00
9.000000000000001332e-01
1.399999999999999911e+00
1.399999999999999911e+00
1.300000000000000044e+00
1.200000000000000178e+00
1.300000000000000044e+00
1.399999999999999911e+00
1.399999999999999911e+00
1.399999999999999911e+00
1.399999999999999911e+00
1.000000000000000000e+00
1.399999999999999911e+00
1.399999999999999911e+00
1.200000000000000178e+00
1.399999999999999911e+00
1.399999999999999911e+00
1.399999999999999911e+00
1.399999999999999911e+00
1.399999999999999911e+00
1.399999999999999911e+00
1.200000000000000178e+00
1.200000000000000178e+00
1.399999999999999911e+00
1.300000000000000044e+00
1.200000000000000178e+00
1.100000000000000089e+00
1.300000000000000044e+00
1.399999999999999911e+00
1.100000000000000089e+00
1.399999999999999911e+00
1.200000000000000178e+00
1.399999999999999911e+00
1.100000000000000089e+00
1.399999999999999911e+00
1.200000000000000178e+00
1.399999999999999911e+00
1.399999999999999911e+00
1.200000000000000178e+00
1.399999999999999911e+00
1.200000000000000178e+00
1.399999999999999911e+00
1.399999999999999911e+00
9.000000000000001332e-01
1.000000000000000000e+00
1.399999999999999911e+00
1.399999999999999911e+00
-1.100000000000000089e+00
1.300000000000000044e+00
1.300000000000000044e+00
1.399999999999999911e+00
1.399999999999999911e+00
1.399999999999999911e+00
1.300000000000000044e+00
1.399999999999999911e+00
9.000000000000001332e-01
1.300000000000000044e+00
1.399999999999999911e+00
1.399999999999999911e+00
1.399999999999999911e+00
1.399999999999999911e+00
1.399999999999999911e+00
1.399999999999999911e+00
8.000000000000000444e-01
1.300000000000000044e+00
1.399999999999999911e+00
1.399999999999999911e+00
1.200000000000000178e+00
1.399999999999999911e+00
1.399999999999999911e+00
1.399999999999999911e+00
1.000000000000000000e+00
1.399999999999999911e+00
1.399999999999999911e+00
1.399999999999999911e+00
1.399999999999999911e+00
1.200000000000000178e+00
1.399999999999999911e+00
1.399999999999999911e+00
1.399999999999999911e+00
1.300000000000000044e+00
1.399999999999999911e+00
1.399999999999999911e+00
1.399999999999999911e+00
1.100000000000000089e+00
1.200000000000000178e+00
1.399999999999999911e+00
1.399999999999999911e+00
1.399999999999999911e+00
1.300000000000000044e+00
1.200000000000000178e+00
1.399999999999999911e+00
1.399999999999999911e+00
1.000000000000000000e+00
1.200000000000000178e+00
1.200000000000000178e+00
1.399999999999999911e+00
1.399999999999999911e+00
1.399999999999999911e+00
1.200000000000000178e+00
1.399999999999999911e+00
1.200000000000000178e+00
1.399999999999999911e+00
1.200000000000000178e+00
1.200000000000000178e+00
1.399999999999999911e+00
1.399999999999999911e+00
1.399999999999999911e+00
1.200000000000000178e+00
1.399999999999999911e+00
1.399999999999999911e+00
1.300000000000000044e+00
1.399999999999999911e+00
1.200000000000000178e+00
1.200000000000000178e+00
1.399999999999999911e+00
1.399999999999999911e+00
1.100000000000000089e+00
1.200000000000000178e+00
1.399999999999999911e+00
1.399999999999999911e+00
1.399999999999999911e+00
1.200000000000000178e+00
1.399999999999999911e+00
1.399999999999999911e+00
1.399999999999999911e+00
1.399999999999999911e+00
1.300000000000000044e+00
1.300000000000000044e+00
1.200000000000000178e+00
1.399999999999999911e+00
1.300000000000000044e+00
1.399999999999999911e+00
1.399999999999999911e+00
1.399999999999999911e+00
1.399999999999999911e+00
1.399999999999999911e+00
1.200000000000000178e+00
1.200000000000000178e+00
1.399999999999999911e+00
1.300000000000000044e+00
1.399999999999999911e+00
1.300000000000000044e+00
1.399999999999999911e+00
1.300000000000000044e+00
1.399999999999999911e+00
1.000000000000000000e+00
1.399999999999999911e+00
1.000000000000000000e+00
1.399999999999999911e+00
1.300000000000000044e+00
1.200000000000000178e+00
1.399999999999999911e+00
1.300000000000000044e+00
1.399999999999999911e+00
1.399999999999999911e+00
1.300000000000000044e+00
1.300000000000000044e+00
1.300000000000000044e+00
1.399999999999999911e+00
1.399999999999999911e+00
1.399999999999999911e+00
1.399999999999999911e+00
1.300000000000000044e+00
1.300000000000000044e+00
1.300000000000000044e+00
1.200000000000000178e+00
1.399999999999999911e+00
1.399999999999999911e+00
1.399999999999999911e+00
1.399999999999999911e+00
1.100000000000000089e+00
1.399999999999999911e+00
1.399999999999999911e+00
1.399999999999999911e+00
1.200000000000000178e+00
1.399999999999999911e+00
1.200000000000000178e+00
1.399999999999999911e+00
1.399999999999999911e+00
1.399999999999999911e+00
1.399999999999999911e+00
1.200000000000000178e+00
1.399999999999999911e+00
1.399999999999999911e+00
1.300000000000000044e+00
1.300000000000000044e+00
1.399999999999999911e+00
1.200000000000000178e+00
1.399999999999999911e+00
1.300000000000000044e+00
1.399999999999999911e+00
1.399999999999999911e+00
1.399999999999999911e+00
1.399999999999999911e+00
1.399999999999999911e+00
1.399999999999999911e+00
1.300000000000000044e+00
1.399999999999999911e+00
1.399999999999999911e+00
1.399999999999999911e+00
1.399999999999999911e+00
1.399999999999999911e+00
1.399999999999999911e+00
1.399999999999999911e+00
1.300000000000000044e+00
1.399999999999999911e+00
1.399999999999999911e+00
1.399999999999999911e+00
1.300000000000000044e+00
1.399999999999999911e+00
1.399999999999999911e+00
1.399999999999999911e+00
1.399999999999999911e+00
1.200000000000000178e+00
1.200000000000000178e+00
1.300000000000000044e+00
1.200000000000000178e+00
1.399999999999999911e+00
1.200000000000000178e+00
1.200000000000000178e+00
1.399999999999999911e+00
1.399999999999999911e+00
1.399999999999999911e+00
1.399999999999999911e+00
1.399999999999999911e+00
1.399999999999999911e+00
1.300000000000000044e+00
1.399999999999999911e+00
1.200000000000000178e+00
1.399999999999999911e+00
1.200000000000000178e+00
1.000000000000000000e+00
1.399999999999999911e+00
1.300000000000000044e+00
1.399999999999999911e+00
1.399999999999999911e+00
1.200000000000000178e+00
1.399999999999999911e+00
1.200000000000000178e+00
1.399999999999999911e+00
1.399999999999999911e+00
1.399999999999999911e+00
1.399999999999999911e+00
1.399999999999999911e+00
1.399999999999999911e+00
1.300000000000000044e+00
1.300000000000000044e+00
1.399999999999999911e+00
1.200000000000000178e+00
1.399999999999999911e+00
1.300000000000000044e+00
1.399999999999999911e+00
1.399999999999999911e+00
1.399999999999999911e+00
1.399999999999999911e+00
1.200000000000000178e+00
1.399999999999999911e+00
1.399999999999999911e+00
1.300000000000000044e+00
1.200000000000000178e+00
1.399999999999999911e+00
1.399999999999999911e+00
1.399999999999999911e+00
1.399999999999999911e+00
1.399999999999999911e+00
1.100000000000000089e+00
1.399999999999999911e+00
1.399999999999999911e+00
1.200000000000000178e+00
1.399999999999999911e+00
1.200000000000000178e+00
1.399999999999999911e+00
1.000000000000000000e+00
1.200000000000000178e+00
1.399999999999999911e+00
1.200000000000000178e+00
1.399999999999999911e+00
1.399999999999999911e+00
1.399999999999999911e+00
1.399999999999999911e+00
1.399999999999999911e+00
1.200000000000000178e+00
1.399999999999999911e+00
1.399999999999999911e+00
1.399999999999999911e+00
1.399999999999999911e+00
1.399999999999999911e+00
1.399999999999999911e+00
1.399999999999999911e+00
1.100000000000000089e+00
1.399999999999999911e+00
1.300000000000000044e+00
1.399999999999999911e+00
1.399999999999999911e+00
1.399999999999999911e+00
1.300000000000000044e+00
1.399999999999999911e+00
1.300000000000000044e+00
1.300000000000000044e+00
1.200000000000000178e+00
1.399999999999999911e+00
1.200000000000000178e+00
1.399999999999999911e+00
1.000000000000000000e+00
1.300000000000000044e+00
1.399999999999999911e+00
1.200000000000000178e+00
1.399999999999999911e+00
1.399999999999999911e+00
1.300000000000000044e+00
1.399999999999999911e+00
1.300000000000000044e+00
1.399999999999999911e+00
1.399999999999999911e+00
1.399999999999999911e+00
1.399999999999999911e+00
1.200000000000000178e+00
1.399999999999999911e+00
1.300000000000000044e+00
1.399999999999999911e+00
1.200000000000000178e+00
1.399999999999999911e+00
1.399999999999999911e+00
1.399999999999999911e+00
1.399999999999999911e+00
1.399999999999999911e+00
1.399999999999999911e+00
1.200000000000000178e+00
1.200000000000000178e+00
1.300000000000000044e+00
1.200000000000000178e+00
1.399999999999999911e+00
1.000000000000000000e+00
1.399999999999999911e+00
1.399999999999999911e+00
1.300000000000000044e+00
1.399999999999999911e+00
1.399999999999999911e+00
6.999999999999999556e-01
1.399999999999999911e+00
1.200000000000000178e+00
1.399999999999999911e+00
1.399999999999999911e+00
1.399999999999999911e+00
1.399999999999999911e+00
1.399999999999999911e+00
1.399999999999999911e+00
1.399999999999999911e+00
1.399999999999999911e+00
9.000000000000001332e-01
1.399999999999999911e+00
1.399999999999999911e+00
1.399999999999999911e+00
1.399999999999999911e+00
1.200000000000000178e+00
1.399999999999999911e+00
1.399999999999999911e+00
1.200000000000000178e+00
1.100000000000000089e+00
1.399999999999999911e+00
1.200000000000000178e+00
1.399999999999999911e+00
1.399999999999999911e+00
1.000000000000000000e+00
1.399999999999999911e+00
1.399999999999999911e+00
8.000000000000000444e-01
1.399999999999999911e+00
1.300000000000000044e+00
1.399999999999999911e+00
1.399999999999999911e+00
1.200000000000000178e+00
1.200000000000000178e+00
1.399999999999999911e+00
1.399999999999999911e+00
1.100000000000000089e+00
1.300000000000000044e+00
1.300000000000000044e+00
1.399999999999999911e+00
1.399999999999999911e+00
1.399999999999999911e+00
1.300000000000000044e+00
1.200000000000000178e+00
1.399999999999999911e+00
1.399999999999999911e+00
1.200000000000000178e+00
1.399999999999999911e+00
1.399999999999999911e+00
1.399999999999999911e+00
1.399999999999999911e+00
1.399999999999999911e+00
1.399999999999999911e+00
1.399999999999999911e+00
1.399999999999999911e+00
1.399999999999999911e+00
1.000000000000000000e+00
1.399999999999999911e+00
1.399999999999999911e+00
1.000000000000000000e+00
1.399999999999999911e+00
1.399999999999999911e+00
1.000000000000000000e+00
1.399999999999999911e+00
1.399999999999999911e+00
1.000000000000000000e+00
1.100000000000000089e+00
1.200000000000000178e+00
1.399999999999999911e+00
1.100000000000000089e+00
1.300000000000000044e+00
1.399999999999999911e+00
1.399999999999999911e+00
1.399999999999999911e+00
1.200000000000000178e+00
1.200000000000000178e+00
1.100000000000000089e+00
9.000000000000001332e-01
1.200000000000000178e+00
1.200000000000000178e+00
1.399999999999999911e+00
1.399999999999999911e+00
1.399999999999999911e+00
1.399999999999999911e+00
1.399999999999999911e+00
1.399999999999999911e+00
1.300000000000000044e+00
1.300000000000000044e+00
1.000000000000000000e+00
1.100000000000000089e+00
1.300000000000000044e+00
1.399999999999999911e+00
1.200000000000000178e+00
1.399999999999999911e+00
1.399999999999999911e+00
1.200000000000000178e+00
1.200000000000000178e+00
1.100000000000000089e+00
1.399999999999999911e+00
1.200000000000000178e+00
1.399999999999999911e+00
1.399999999999999911e+00
1.300000000000000044e+00
1.300000000000000044e+00
1.100000000000000089e+00
1.399999999999999911e+00
9.000000000000001332e-01
1.200000000000000178e+00
