-1.699999999999999956e+00
-1.500000000000000000e+00
-3.000000000000001332e+00
1.899999999999999911e+00
-1.300000000000000044e+00
-3.000000000000001332e+00
-1.699999999999999956e+00
1.699999999999999956e+00
-1.399999999999999911e+00
-3.000000000000001332e+00
1.699999999999999956e+00
-1.000000000000000000e+00
-2.299999999999999822e+00
-3.000000000000001332e+00
-3.000000000000001332e+00
1.100000000000000089e+00
-3.000000000000001332e+00
-1.699999999999999956e+00
-3.000000000000001332e+00
-2.099999999999999645e+00
-1.300000000000000044e+00
-3.000000000000001332e+00
1.100000000000000089e+00
-3.000000000000001332e+00
-1.000000000000000000e+00
-1.199999999999999956e+00
8.000000000000000444e-01
-3.000000000000001332e+00
2.000000000000000000e+00
-2.400000000000000355e+00
-1.000000000000000000e+00
2.999999999999996003e-01
-1.399999999999999911e+00
-2.900000000000000355e+00
8.000000000000000444e-01
-7.000000000000010658e-01
1.899999999999999911e+00
2.000000000000000000e+00
-1.000000000000005329e-01
-2.400000000000000355e+00
-3.100000000000000533e+00
-2.099999999999999645e+00
-3.000000000000001332e+00
-3.000000000000001332e+00
-3.000000000000001332e+00
-3.000000000000001332e+00
-1.600000000000000089e+00
-3.000000000000001332e+00
1.600000000000000089e+00
2.000000000000000000e+00
1.600000000000000089e+00
-3.000000000000001332e+00
-2.000000000000000000e+00
-3.000000000000001332e+00
1.699999999999999956e+00
1.200000000000000178e+00
1.200000000000000178e+00
-3.000000000000001332e+00
2.999999999999996003e-01
1.600000000000000089e+00
1.300000000000000044e+00
1.800000000000000044e+00
-3.000000000000001332e+00
2.000000000000000000e+00
-1.000000000000005329e-01
1.899999999999999911e+00
6.999999999999999556e-01
1.300000000000000044e+00
1.600000000000000089e+00
1.600000000000000089e+00
1.600000000000000089e+00
2.000000000000000000e+00
-3.000000000000001332e+00
-6.000000000000009770e-01
1.800000000000000044e+00
1.600000000000000089e+00
2.000000000000000000e+00
1.800000000000000044e+00
1.800000000000000044e+00
1.399999999999999911e+00
-2.000000000000006217e-01
-3.000000000000001332e+00
1.899999999999999911e+00
1.200000000000000178e+00
-3.000000000000001332e+00
1.600000000000000089e+00
-3.000000000000001332e+00
1.800000000000000044e+00
1.800000000000000044e+00
2.000000000000000000e+00
1.200000000000000178e+00
1.699999999999999956e+00
4.999999999999997780e-01
-2.800000000000000711e+00
1.800000000000000044e+00
1.800000000000000044e+00
1.800000000000000044e+00
2.000000000000000000e+00
-2.000000000000006217e-01
1.800000000000000044e+00
1.699999999999999956e+00
1.100000000000000089e+00
1.899999999999999911e+00
1.600000000000000089e+00
1.899999999999999911e+00
-3.000000000000001332e+00
1.500000000000000000e+00
5.999999999999998668e-01
1.600000000000000089e+00
1.399999999999999911e+00
1.500000000000000000e+00
-3.000000000000001332e+00
1.500000000000000000e+00
1.800000000000000044e+00
1.600000000000000089e+00
1.699999999999999956e+00
1.399999999999999911e+00
1.500000000000000000e+00
1.899999999999999911e+00
4.999999999999997780e-01
1.800000000000000044e+00
-8.000000000000011546e-01
1.800000000000000044e+00
1.500000000000000000e+00
-3.000000000000007105e-01
1.300000000000000044e+00
1.600000000000000089e+00
1.600000000000000089e+00
1.699999999999999956e+00
1.800000000000000044e+00
1.600000000000000089e+00
1.699999999999999956e+00
1.600000000000000089e+00
1.399999999999999911e+00
1.699999999999999956e+00
1.500000000000000000e+00
1.899999999999999911e+00
-3.000000000000001332e+00
-3.000000000000001332e+00
1.600000000000000089e+00
1.500000000000000000e+00
1.100000000000000089e+00
1.500000000000000000e+00
1.500000000000000000e+00
2.000000000000000000e+00
1.200000000000000178e+00
2.000000000000000000e+00
8.000000000000000444e-01
1.699999999999999956e+00
1.899999999999999911e+00
1.899999999999999911e+00
1.699999999999999956e+00
1.800000000000000044e+00
9.000000000000001332e-01
5.999999999999998668e-01
1.600000000000000089e+00
1.600000000000000089e+00
4.999999999999997780e-01
1.800000000000000044e+00
1.699999999999999956e+00
1.200000000000000178e+00
1.800000000000000044e+00
1.600000000000000089e+00
1.600000000000000089e+00
1.399999999999999911e+00
1.800000000000000044e+00
1.600000000000000089e+00
1.399999999999999911e+00
1.600000000000000089e+00
8.000000000000000444e-01
1.399999999999999911e+00
1.500000000000000000e+00
1.200000000000000178e+00
1.699999999999999956e+00
1.600000000000000089e+00
1.800000000000000044e+00
1.600000000000000089e+00
1.600000000000000089e+00
1.899999999999999911e+00
2.000000000000000000e+00
1.699999999999999956e+00
1.699999999999999956e+00
1.899999999999999911e+00
1.600000000000000089e+00
1.300000000000000044e+00
1.500000000000000000e+00
1.699999999999999956e+00
1.699999999999999956e+00
1.899999999999999911e+00
1.800000000000000044e+00
1.699999999999999956e+00
1.399999999999999911e+00
1.500000000000000000e+00
1.500000000000000000e+00
1.600000000000000089e+00
2.000000000000000000e+00
1.500000000000000000e+00
1.500000000000000000e+00
1.500000000000000000e+00
2.000000000000000000e+00
1.399999999999999911e+00
1.800000000000000044e+00
1.800000000000000044e+00
1.000000000000000000e+00
1.800000000000000044e+00
1.500000000000000000e+00
1.600000000000000089e+00
1.300000000000000044e+00
1.800000000000000044e+00
1.500000000000000000e+00
1.699999999999999956e+00
1.699999999999999956e+00
1.399999999999999911e+00
1.399999999999999911e+00
1.300000000000000044e+00
1.500000000000000000e+00
1.899999999999999911e+00
1.200000000000000178e+00
1.699999999999999956e+00
1.899999999999999911e+00
2.000000000000000000e+00
1.500000000000000000e+00
1.800000000000000044e+00
1.200000000000000178e+00
1.500000000000000000e+00
1.500000000000000000e+00
1.800000000000000044e+00
1.200000000000000178e+00
1.500000000000000000e+00
1.300000000000000044e+00
1.699999999999999956e+00
1.500000000000000000e+00
2.000000000000000000e+00
1.699999999999999956e+00
1.300000000000000044e+00
1.200000000000000178e+00
1.300000000000000044e+00
1.699999999999999956e+00
1.899999999999999911e+00
1.699999999999999956e+00
1.600000000000000089e+00
1.500000000000000000e+00
1.500000000000000000e+00
1.800000000000000044e+00
1.600000000000000089e+00
1.600000000000000089e+00
1.500000000000000000e+00
1.399999999999999911e+00
1.399999999999999911e+00
1.500000000000000000e+00
1.899999999999999911e+00
1.399999999999999911e+00
1.399999999999999911e+00
1.500000000000000000e+00
1.600000000000000089e+00
1.300000000000000044e+00
1.899999999999999911e+00
1.600000000000000089e+00
1.899999999999999911e+00
1.399999999999999911e+00
1.200000000000000178e+00
1.699999999999999956e+00
1.500000000000000000e+00
1.699999999999999956e+00
2.000000000000000000e+00
1.399999999999999911e+00
1.500000000000000000e+00
1.399999999999999911e+00
1.600000000000000089e+00
1.899999999999999911e+00
1.600000000000000089e+00
1.699999999999999956e+00
1.500000000000000000e+00
1.600000000000000089e+00
1.699999999999999956e+00
1.300000000000000044e+00
1.600000000000000089e+00
1.600000000000000089e+00
1.600000000000000089e+00
1.399999999999999911e+00
1.800000000000000044e+00
1.899999999999999911e+00
1.899999999999999911e+00
1.399999999999999911e+00
1.399999999999999911e+00
1.500000000000000000e+00
1.399999999999999911e+00
1.100000000000000089e+00
1.600000000000000089e+00
1.500000000000000000e+00
1.699999999999999956e+00
1.899999999999999911e+00
1.699999999999999956e+00
1.600000000000000089e+00
1.500000000000000000e+00
1.500000000000000000e+00
1.600000000000000089e+00
1.500000000000000000e+00
1.500000000000000000e+00
2.000000000000000000e+00
1.800000000000000044e+00
1.699999999999999956e+00
1.399999999999999911e+00
1.100000000000000089e+00
1.699999999999999956e+00
1.600000000000000089e+00
1.500000000000000000e+00
1.500000000000000000e+00
1.600000000000000089e+00
1.800000000000000044e+00
1.600000000000000089e+00
2.000000000000000000e+00
1.600000000000000089e+00
1.300000000000000044e+00
1.300000000000000044e+00
1.600000000000000089e+00
1.899999999999999911e+00
1.200000000000000178e+00
1.399999999999999911e+00
1.500000000000000000e+00
1.399999999999999911e+00
1.300000000000000044e+00
1.200000000000000178e+00
1.500000000000000000e+00
1.600000000000000089e+00
1.300000000000000044e+00
1.800000000000000044e+00
1.899999999999999911e+00
1.600000000000000089e+00
1.800000000000000044e+00
1.300000000000000044e+00
1.699999999999999956e+00
1.500000000000000000e+00
1.899999999999999911e+00
1.600000000000000089e+00
1.399999999999999911e+00
1.100000000000000089e+00
1.699999999999999956e+00
1.699999999999999956e+00
1.600000000000000089e+00
1.500000000000000000e+00
1.600000000000000089e+00
1.800000000000000044e+00
1.600000000000000089e+00
1.399999999999999911e+00
1.699999999999999956e+00
1.800000000000000044e+00
1.600000000000000089e+00
1.500000000000000000e+00
1.699999999999999956e+00
1.399999999999999911e+00
1.300000000000000044e+00
1.699999999999999956e+00
1.300000000000000044e+00
1.600000000000000089e+00
1.600000000000000089e+00
1.500000000000000000e+00
2.000000000000000000e+00
1.600000000000000089e+00
1.500000000000000000e+00
1.399999999999999911e+00
1.600000000000000089e+00
1.699999999999999956e+00
1.699999999999999956e+00
1.800000000000000044e+00
1.399999999999999911e+00
1.800000000000000044e+00
2.000000000000000000e+00
1.800000000000000044e+00
1.399999999999999911e+00
1.300000000000000044e+00
1.200000000000000178e+00
2.000000000000000000e+00
1.600000000000000089e+00
1.699999999999999956e+00
1.699999999999999956e+00
1.500000000000000000e+00
1.699999999999999956e+00
1.699999999999999956e+00
1.200000000000000178e+00
1.399999999999999911e+00
1.899999999999999911e+00
1.899999999999999911e+00
1.800000000000000044e+00
1.800000000000000044e+00
1.699999999999999956e+00
1.399999999999999911e+00
1.500000000000000000e+00
1.600000000000000089e+00
1.500000000000000000e+00
1.800000000000000044e+00
1.600000000000000089e+00
1.699999999999999956e+00
1.899999999999999911e+00
1.600000000000000089e+00
1.600000000000000089e+00
1.800000000000000044e+00
1.699999999999999956e+00
2.000000000000000000e+00
1.300000000000000044e+00
1.600000000000000089e+00
1.500000000000000000e+00
1.500000000000000000e+00
1.100000000000000089e+00
1.800000000000000044e+00
1.399999999999999911e+00
1.800000000000000044e+00
1.399999999999999911e+00
1.399999999999999911e+00
1.399999999999999911e+00
2.000000000000000000e+00
1.800000000000000044e+00
1.399999999999999911e+00
1.600000000000000089e+00
1.300000000000000044e+00
1.699999999999999956e+00
1.600000000000000089e+00
1.699999999999999956e+00
1.500000000000000000e+00
1.300000000000000044e+00
1.500000000000000000e+00
1.500000000000000000e+00
-1.100000000000000089e+00
1.500000000000000000e+00
1.699999999999999956e+00
1.600000000000000089e+00
1.399999999999999911e+00
1.500000000000000000e+00
1.800000000000000044e+00
1.399999999999999911e+00
1.800000000000000044e+00
1.500000000000000000e+00
1.899999999999999911e+00
1.600000000000000089e+00
2.000000000000000000e+00
2.000000000000000000e+00
1.300000000000000044e+00
1.699999999999999956e+00
1.699999999999999956e+00
1.899999999999999911e+00
1.600000000000000089e+00
1.699999999999999956e+00
1.300000000000000044e+00
1.500000000000000000e+00
1.500000000000000000e+00
1.600000000000000089e+00
1.500000000000000000e+00
1.800000000000000044e+00
1.200000000000000178e+00
1.699999999999999956e+00
1.800000000000000044e+00
1.399999999999999911e+00
1.800000000000000044e+00
1.200000000000000178e+00
1.200000000000000178e+00
1.899999999999999911e+00
1.899999999999999911e+00
1.500000000000000000e+00
1.800000000000000044e+00
1.500000000000000000e+00
1.699999999999999956e+00
1.600000000000000089e+00
1.800000000000000044e+00
1.100000000000000089e+00
1.899999999999999911e+00
1.899999999999999911e+00
1.899999999999999911e+00
1.500000000000000000e+00
1.399999999999999911e+00
2.000000000000000000e+00
1.800000000000000044e+00
1.800000000000000044e+00
1.600000000000000089e+00
1.800000000000000044e+00
1.899999999999999911e+00
1.800000000000000044e+00
1.500000000000000000e+00
1.699999999999999956e+00
1.699999999999999956e+00
1.399999999999999911e+00
1.800000000000000044e+00
1.699999999999999956e+00
1.600000000000000089e+00
2.000000000000000000e+00
1.899999999999999911e+00
-1.000000000000000000e+00
1.800000000000000044e+00
1.800000000000000044e+00
1.800000000000000044e+00
1.699999999999999956e+00
1.399999999999999911e+00
1.200000000000000178e+00
1.800000000000000044e+00
1.500000000000000000e+00
1.399999999999999911e+00
1.399999999999999911e+00
1.800000000000000044e+00
1.500000000000000000e+00
1.800000000000000044e+00
1.699999999999999956e+00
-1.100000000000000089e+00
1.500000000000000000e+00
1.500000000000000000e+00
1.399999999999999911e+00
1.800000000000000044e+00
1.600000000000000089e+00
1.500000000000000000e+00
1.000000000000000000e+00
1.300000000000000044e+00
1.800000000000000044e+00
1.200000000000000178e+00
1.500000000000000000e+00
1.500000000000000000e+00
2.000000000000000000e+00
1.600000000000000089e+00
2.000000000000000000e+00
1.600000000000000089e+00
1.600000000000000089e+00
1.600000000000000089e+00
1.800000000000000044e+00
1.500000000000000000e+00
1.899999999999999911e+00
1.600000000000000089e+00
1.600000000000000089e+00
1.600000000000000089e+00
1.899999999999999911e+00
1.600000000000000089e+00
1.399999999999999911e+00
1.500000000000000000e+00
1.500000000000000000e+00
1.899999999999999911e+00
2.000000000000000000e+00
1.000000000000000000e+00
1.100000000000000089e+00
1.100000000000000089e+00
1.500000000000000000e+00
1.800000000000000044e+00
1.200000000000000178e+00
1.399999999999999911e+00
1.399999999999999911e+00
1.600000000000000089e+00
1.200000000000000178e+00
1.600000000000000089e+00
1.800000000000000044e+00
1.500000000000000000e+00
1.500000000000000000e+00
1.600000000000000089e+00
1.399999999999999911e+00
1.600000000000000089e+00
1.600000000000000089e+00
2.000000000000000000e+00
1.500000000000000000e+00
1.200000000000000178e+00
1.600000000000000089e+00
1.399999999999999911e+00
1.399999999999999911e+00
1.800000000000000044e+00
1.800000000000000044e+00
1.600000000000000089e+00
1.399999999999999911e+00
1.800000000000000044e+00
1.399999999999999911e+00
1.699999999999999956e+00
1.899999999999999911e+00
2.000000000000000000e+00
1.800000000000000044e+00
1.600000000000000089e+00
1.899999999999999911e+00
1.800000000000000044e+00
1.500000000000000000e+00
1.800000000000000044e+00
1.500000000000000000e+00
1.300000000000000044e+00
1.800000000000000044e+00
1.800000000000000044e+00
1.800000000000000044e+00
1.600000000000000089e+00
1.600000000000000089e+00
1.600000000000000089e+00
1.500000000000000000e+00
1.600000000000000089e+00
1.600000000000000089e+00
1.500000000000000000e+00
1.699999999999999956e+00
1.300000000000000044e+00
1.699999999999999956e+00
2.000000000000000000e+00
1.399999999999999911e+00
1.600000000000000089e+00
1.500000000000000000e+00
1.699999999999999956e+00
1.399999999999999911e+00
1.399999999999999911e+00
1.600000000000000089e+00
1.800000000000000044e+00
1.800000000000000044e+00
1.699999999999999956e+00
1.300000000000000044e+00
1.899999999999999911e+00
1.399999999999999911e+00
1.300000000000000044e+00
1.699999999999999956e+00
1.699999999999999956e+00
1.500000000000000000e+00
2.000000000000000000e+00
1.500000000000000000e+00
1.600000000000000089e+00
1.500000000000000000e+00
1.899999999999999911e+00
1.800000000000000044e+00
1.399999999999999911e+00
1.200000000000000178e+00
1.200000000000000178e+00
1.800000000000000044e+00
1.600000000000000089e+00
1.399999999999999911e+00
1.500000000000000000e+00
1.800000000000000044e+00
2.000000000000000000e+00
1.399999999999999911e+00
1.699999999999999956e+00
1.600000000000000089e+00
1.200000000000000178e+00
1.699999999999999956e+00
1.600000000000000089e+00
1.399999999999999911e+00
1.899999999999999911e+00
1.600000000000000089e+00
1.500000000000000000e+00
2.000000000000000000e+00
1.800000000000000044e+00
1.500000000000000000e+00
1.500000000000000000e+00
1.600000000000000089e+00
1.399999999999999911e+00
1.500000000000000000e+00
1.600000000000000089e+00
1.699999999999999956e+00
1.100000000000000089e+00
1.899999999999999911e+00
1.699999999999999956e+00
1.699999999999999956e+00
1.699999999999999956e+00
1.600000000000000089e+00
1.699999999999999956e+00
1.699999999999999956e+00
1.899999999999999911e+00
1.500000000000000000e+00
1.600000000000000089e+00
1.699999999999999956e+00
1.300000000000000044e+00
1.600000000000000089e+00
2.000000000000000000e+00
2.000000000000000000e+00
1.399999999999999911e+00
1.800000000000000044e+00
1.600000000000000089e+00
1.600000000000000089e+00
1.699999999999999956e+00
1.800000000000000044e+00
1.600000000000000089e+00
1.399999999999999911e+00
1.200000000000000178e+00
1.600000000000000089e+00
1.500000000000000000e+00
1.600000000000000089e+00
1.300000000000000044e+00
1.500000000000000000e+00
1.800000000000000044e+00
9.000000000000001332e-01
9.000000000000001332e-01
1.500000000000000000e+00
1.500000000000000000e+00
1.800000000000000044e+00
1.399999999999999911e+00
1.600000000000000089e+00
1.699999999999999956e+00
1.500000000000000000e+00
1.500000000000000000e+00
1.300000000000000044e+00
1.600000000000000089e+00
1.699999999999999956e+00
1.300000000000000044e+00
1.500000000000000000e+00
1.399999999999999911e+00
1.899999999999999911e+00
1.600000000000000089e+00
1.600000000000000089e+00
1.500000000000000000e+00
1.699999999999999956e+00
1.000000000000000000e+00
1.600000000000000089e+00
1.600000000000000089e+00
1.800000000000000044e+00
1.800000000000000044e+00
1.500000000000000000e+00
1.500000000000000000e+00
1.500000000000000000e+00
1.699999999999999956e+00
1.500000000000000000e+00
1.500000000000000000e+00
1.800000000000000044e+00
1.600000000000000089e+00
1.899999999999999911e+00
1.500000000000000000e+00
1.800000000000000044e+00
1.200000000000000178e+00
1.600000000000000089e+00
1.699999999999999956e+00
1.699999999999999956e+00
1.600000000000000089e+00
1.500000000000000000e+00
1.600000000000000089e+00
1.800000000000000044e+00
1.500000000000000000e+00
1.399999999999999911e+00
1.800000000000000044e+00
2.000000000000000000e+00
1.600000000000000089e+00
1.800000000000000044e+00
2.000000000000000000e+00
1.899999999999999911e+00
1.399999999999999911e+00
1.600000000000000089e+00
2.000000000000000000e+00
1.500000000000000000e+00
1.399999999999999911e+00
1.600000000000000089e+00
1.699999999999999956e+00
1.800000000000000044e+00
1.399999999999999911e+00
1.500000000000000000e+00
1.500000000000000000e+00
1.899999999999999911e+00
1.399999999999999911e+00
1.800000000000000044e+00
1.800000000000000044e+00
1.699999999999999956e+00
1.800000000000000044e+00
1.600000000000000089e+00
1.500000000000000000e+00
1.399999999999999911e+00
1.600000000000000089e+00
1.800000000000000044e+00
1.500000000000000000e+00
1.500000000000000000e+00
1.300000000000000044e+00
1.699999999999999956e+00
1.699999999999999956e+00
1.399999999999999911e+00
1.399999999999999911e+00
1.500000000000000000e+00
1.699999999999999956e+00
1.200000000000000178e+00
1.899999999999999911e+00
1.399999999999999911e+00
1.500000000000000000e+00
1.699999999999999956e+00
1.800000000000000044e+00
1.800000000000000044e+00
1.500000000000000000e+00
1.500000000000000000e+00
1.600000000000000089e+00
1.300000000000000044e+00
1.399999999999999911e+00
1.800000000000000044e+00
1.600000000000000089e+00
1.500000000000000000e+00
1.500000000000000000e+00
1.800000000000000044e+00
1.899999999999999911e+00
1.200000000000000178e+00
1.800000000000000044e+00
1.800000000000000044e+00
1.800000000000000044e+00
1.600000000000000089e+00
1.600000000000000089e+00
1.399999999999999911e+00
1.600000000000000089e+00
1.800000000000000044e+00
1.699999999999999956e+00
1.399999999999999911e+00
1.300000000000000044e+00
1.399999999999999911e+00
1.600000000000000089e+00
1.699999999999999956e+00
1.699999999999999956e+00
1.800000000000000044e+00
1.399999999999999911e+00
1.699999999999999956e+00
1.600000000000000089e+00
1.899999999999999911e+00
1.500000000000000000e+00
1.600000000000000089e+00
1.399999999999999911e+00
1.500000000000000000e+00
2.000000000000000000e+00
1.699999999999999956e+00
1.200000000000000178e+00
1.500000000000000000e+00
1.600000000000000089e+00
1.500000000000000000e+00
1.899999999999999911e+00
1.699999999999999956e+00
1.600000000000000089e+00
1.399999999999999911e+00
1.600000000000000089e+00
1.899999999999999911e+00
1.500000000000000000e+00
1.500000000000000000e+00
1.000000000000000000e+00
1.699999999999999956e+00
1.500000000000000000e+00
1.500000000000000000e+00
1.699999999999999956e+00
1.899999999999999911e+00
1.800000000000000044e+00
1.500000000000000000e+00
1.100000000000000089e+00
1.800000000000000044e+00
1.699999999999999956e+00
1.200000000000000178e+00
1.899999999999999911e+00
1.500000000000000000e+00
1.899999999999999911e+00
1.800000000000000044e+00
1.800000000000000044e+00
1.500000000000000000e+00
2.000000000000000000e+00
1.500000000000000000e+00
1.600000000000000089e+00
1.399999999999999911e+00
1.500000000000000000e+00
1.800000000000000044e+00
1.500000000000000000e+00
1.600000000000000089e+00
1.699999999999999956e+00
2.000000000000000000e+00
1.699999999999999956e+00
1.399999999999999911e+00
1.500000000000000000e+00
1.399999999999999911e+00
1.699999999999999956e+00
1.699999999999999956e+00
1.800000000000000044e+00
1.800000000000000044e+00
1.800000000000000044e+00
1.399999999999999911e+00
2.000000000000000000e+00
1.899999999999999911e+00
1.500000000000000000e+00
1.600000000000000089e+00
1.899999999999999911e+00
1.600000000000000089e+00
1.600000000000000089e+00
1.800000000000000044e+00
1.500000000000000000e+00
1.000000000000000000e+00
1.699999999999999956e+00
1.699999999999999956e+00
1.500000000000000000e+00
1.399999999999999911e+00
1.699999999999999956e+00
1.699999999999999956e+00
1.500000000000000000e+00
2.000000000000000000e+00
1.500000000000000000e+00
1.399999999999999911e+00
1.600000000000000089e+00
1.500000000000000000e+00
1.800000000000000044e+00
2.000000000000000000e+00
1.899999999999999911e+00
2.000000000000000000e+00
1.600000000000000089e+00
1.899999999999999911e+00
1.600000000000000089e+00
1.500000000000000000e+00
1.500000000000000000e+00
1.500000000000000000e+00
1.600000000000000089e+00
1.800000000000000044e+00
1.699999999999999956e+00
1.500000000000000000e+00
1.699999999999999956e+00
1.500000000000000000e+00
1.500000000000000000e+00
1.699999999999999956e+00
1.800000000000000044e+00
1.600000000000000089e+00
1.300000000000000044e+00
1.699999999999999956e+00
1.300000000000000044e+00
1.800000000000000044e+00
1.500000000000000000e+00
1.899999999999999911e+00
1.600000000000000089e+00
2.000000000000000000e+00
1.800000000000000044e+00
1.500000000000000000e+00
1.500000000000000000e+00
1.800000000000000044e+00
1.699999999999999956e+00
2.000000000000000000e+00
1.699999999999999956e+00
1.500000000000000000e+00
1.399999999999999911e+00
1.699999999999999956e+00
1.699999999999999956e+00
2.000000000000000000e+00
1.800000000000000044e+00
1.500000000000000000e+00
1.699999999999999956e+00
1.399999999999999911e+00
1.800000000000000044e+00
1.200000000000000178e+00
1.699999999999999956e+00
1.800000000000000044e+00
1.600000000000000089e+00
1.600000000000000089e+00
1.300000000000000044e+00
1.600000000000000089e+00
1.399999999999999911e+00
1.200000000000000178e+00
1.399999999999999911e+00
1.800000000000000044e+00
1.600000000000000089e+00
1.200000000000000178e+00
1.699999999999999956e+00
1.500000000000000000e+00
1.300000000000000044e+00
1.500000000000000000e+00
1.699999999999999956e+00
1.500000000000000000e+00
1.500000000000000000e+00
1.800000000000000044e+00
1.600000000000000089e+00
1.200000000000000178e+00
1.399999999999999911e+00
1.500000000000000000e+00
1.600000000000000089e+00
1.399999999999999911e+00
1.600000000000000089e+00
1.399999999999999911e+00
1.500000000000000000e+00
1.600000000000000089e+00
1.899999999999999911e+00
1.100000000000000089e+00
1.899999999999999911e+00
1.600000000000000089e+00
1.600000000000000089e+00
1.600000000000000089e+00
2.000000000000000000e+00
1.500000000000000000e+00
1.600000000000000089e+00
1.500000000000000000e+00
1.800000000000000044e+00
1.500000000000000000e+00
1.399999999999999911e+00
1.600000000000000089e+00
1.800000000000000044e+00
1.600000000000000089e+00
2.000000000000000000e+00
1.399999999999999911e+00
1.500000000000000000e+00
1.500000000000000000e+00
1.300000000000000044e+00
1.600000000000000089e+00
1.300000000000000044e+00
1.600000000000000089e+00
1.399999999999999911e+00
1.500000000000000000e+00
1.500000000000000000e+00
1.600000000000000089e+00
1.600000000000000089e+00
1.399999999999999911e+00
1.500000000000000000e+00
1.600000000000000089e+00
1.899999999999999911e+00
1.500000000000000000e+00
1.200000000000000178e+00
1.399999999999999911e+00
1.800000000000000044e+00
1.500000000000000000e+00
1.899999999999999911e+00
2.000000000000000000e+00
1.600000000000000089e+00
1.399999999999999911e+00
1.399999999999999911e+00
1.600000000000000089e+00
1.600000000000000089e+00
1.399999999999999911e+00
1.800000000000000044e+00
1.500000000000000000e+00
1.600000000000000089e+00
1.399999999999999911e+00
1.899999999999999911e+00
1.500000000000000000e+00
1.899999999999999911e+00
1.899999999999999911e+00
